version https://git-lfs.github.com/spec/v1
oid sha256:43c2831be161e6d083d75771866b1b9523b66c57eee8a1021ce2d8bbf2be90a6
size 64641
