version https://git-lfs.github.com/spec/v1
oid sha256:28aa21cebab0c4baca6b294d45864134de5987de3b019837b32a3034893ecf52
size 36562
