version https://git-lfs.github.com/spec/v1
oid sha256:dc47ab2b0c6eb1ef70be916550c001718d0b6b1cc91c13899ce501df386597ef
size 93689
