version https://git-lfs.github.com/spec/v1
oid sha256:b6dcc52a2f854028d68f2f0c6192b68dfa5c5fabf28bc8fb8f80a2933014c2cb
size 2037
