version https://git-lfs.github.com/spec/v1
oid sha256:12ef83fad2fa7ceea9f6b560b409278c3ac82e1410e97d4421bbb98cb19927fe
size 91296
