version https://git-lfs.github.com/spec/v1
oid sha256:c9781e083965d90cb61620e3c65f4c4eb63918f2e62979697f1db5992c44fef9
size 35728
