version https://git-lfs.github.com/spec/v1
oid sha256:c32c1881b5eafd44f8c47016f85c4e329ba8b2e1dbc9619666f57fe3bb707953
size 6029
