version https://git-lfs.github.com/spec/v1
oid sha256:b5ec69fb0e95e9554120574da3f304d2b2caede10b1d50e47784386752eb642b
size 84322
