version https://git-lfs.github.com/spec/v1
oid sha256:127652c593b2fed11b1230e828afa1a210bbd39cb9e5060a40e1163d5d251db1
size 40446
